003953
005751
006221
003274
002468
000037
006262
004379
004297
004210
006899
005594
004359
003894
000827
005809
001711
006453
005247
005570
005347
000777
001134
001609
000316
004008
005838
005481
004456
004058
003583
002648
000397
002330
006654
000024
004581
003889
004762
007099
004873
000929
002858
001175
001113
000580
002705
006968
006494
002179
001981
004877
005664
000655
004135
001505
006052
005877
006237
006970
003510
001331
001281
004836
001974
001042
000338
002400
005444
007102
006155
005758
005017
002711
000583
006257
006521
005898
005176
005279
003508
002883
000676
000058
006948
006676
000372
005630
002332
004167
002440
000679
001180
007365
002828
003409
002205
002964
002681
007007
005559
003645
005051
002868
001899
006697
005932
003725
006078
007041
002595
000552
006185
001030
000290
003788
001519
005874
005519
000950
004132
003375
000256
005434
000980
000586
002606
004146
006027
000934
005018
005775
000284
004123
002032
000079
005470
004803
000439
000364
005715
006164
000452
005061
003422
001710
001746
007405
004168
002983
001212
003950
000335
004933
007351
002374
003611
000650
005380
001004
002292
004903
001656
005101
006229
001596
007142
005521
007270
007242
002710
007024
005440
003164
004503
003152
004955
006889
000999
001985
005658
003665
002485
007288
005662
006224
002530
004538
002373
005129
000355
003459
001521
005952
003258
003609
004541
007399
006760
001764
000068
005464
004990
001751
006459
005747
000384
003383
003550
003847
003475
003363
000423
002843
005584
002552
004967
005781
001810
001614
007420
004543
002723
007115
006621
001377
003380
002126
000970
006704
003320
003449
007309
004255
007055
001645
002684
003791
000994
000506
004475
003013
001221
003278
001040
003105
004129
000833
005957
006100
006711
007173
003688
004259
000716
000858
000851
001719
004998
001822
005915
006417
005900
002687
006630
003338
000906
001415
004643
006549
005802
005287
004010
004768
007367
003111
001360
002663
003524
007174
005379
002364
004696
002825
006559
007013
001611
000055
000597
007001
000880
005156
007393
007181
005136
002940
005827
003155
000016
000091
006488
003244
003990
004192
004750
007337
003085
003218
005170
004861
006475
000445
005230
000249
005305
001973
002220
001648
002526
000482
006829
003226
007151
005912
000664
006334
000648
005103
000489
000722
006536
005763
001307
004027
002922
000206
003898
002697
001339
007467
003947
002209
002708
003012
001235
001909
000881
001867
003076
001502
004072
000543
007144
004387
000886
002133
001487
003629
001548
006641
007134
006474
000600
001620
005465
002547
003679
003406
002938
000976
001553
006966
005292
000989
005581
000682
007368
005884
001172
002554
000429
005335
005227
003440
007306
001568
004697
002460
004318
000894
004383
006089
001547
001117
002795
003045
002224
007428
005792
006517
000103
005769
006420
000191
004565
003307
004364
002210
004324
005712
004635
005861
005906
006015
005953
003628
003732
006519
004134
005494
000944
003952
001946
001484
006138
001390
004566
004548
002553
002312
003090
001453
006583
002290
004994
001507
006485
002952
006192
006451
007355
001979
002166
002461
005138
004099
006086
007253
001313
006861
000015
004896
002376
004771
000683
001226
000569
004944
004533
004082
002859
006332
005311
001211
000131
003209
006343
003624
005457
006639
003474
002601
001330
001933
004835
006368
003693
005344
001783
001513
005623
004561
004828
004806
000688
004278
001815
003330
006324
003335
000212
002745
006362
003176
004467
003873
004405
000735
003759
001103
000547
003271
003157
004640
000697
007278
005226
000248
002208
003129
002857
006580
005476
003216
006754
004088
001848
002855
007404
003654
001028
003991
004992
005189
002894
001600
001401
005946
005513
002169
005634
007059
000904
001577
001365
004283
005474
003652
003019
000736
006569
006308
003015
000139
003601
005462
003715
004106
000293
000209
003072
001373
005269
006750
003086
004290
001165
002512
002192
000696
004733
007433
006493
006771
000154
003970
002734
005294
000577
001135
003412
007177
004349
006500
007318
001881
002569
001672
003089
007382
003930
004338
006006
007463
001464
007196
004695
006710
004585
001834
004092
000877
000860
005698
003529
002008
005309
006661
002427
002256
001721
005365
001926
007334
006214
003965
004564
001262
005473
007026
002839
003763
002751
004380
007150
001903
000021
005679
004672
006825
000724
000771
005196
005617
002250
004172
003750
006348
002550
002714
003234
001219
003981
002104
002743
002279
005336
004149
000617
000208
004245
002048
001064
004809
000916
001982
001893
003766
003702
001266
004611
005448
001490
005806
004935
001500
000890
004776
004642
000247
002341
001682
006358
001072
005936
002003
001850
000734
001111
004732
001510
006857
002401
001249
005608
003745
007066
002202
006261
006958
000681
007128
002378
005120
000108
007168
000888
007415
003790
006339
006900
000561
006725
004981
000822
000824
006660
003260
004300
001989
002271
000729
005185
000936
000749
006841
001474
002488
004068
005650
006188
007184
001467
003829
005994
001739
005753
007452
000730
002375
004378
005991
004141
005602
003098
006796
004718
004388
000451
002524
000194
002284
002504
005889
004660
003048
003128
006828
004715
004568
003691
004843
001801
003328
003743
003698
004163
006010
004265
002827
000430
003631
000175
000973
002160
006564
006110
003115
007286
006874
006885
006330
004374
006128
004832
006626
003941
005760
006664
005966
001151
005863
003303
000685
003821
004170
003993
004108
000529
005338
006862
007206
004125
004518
002600
001093
005248
005779
007220
001283
002410
004450
005786
002852
002155
005469
001824
006119
002478
000882
002380
001523
000268
006359
006476
005435
005905
006860
000075
004100
003142
005498
005032
003126
003809
002776
002665
004734
001702
004067
001153
003371
007194
007008
001269
003718
001781
005596
005056
006736
007100
006561
005486
004277
001752
000107
003389
001034
001073
005934
001104
002990
006157
002131
007347
004017
001303
001972
002555
001039
006755
003642
006528
001408
007117
001376
001156
000930
004892
005084
005565
003486
000039
000901
003489
001942
005167
000069
007062
007339
002876
005146
005048
003425
006593
000320
005352
007079
004574
000902
005231
005867
007082
001335
000387
000773
007202
001192
001207
001499
006001
000459
000661
002932
002286
000029
003213
004191
003306
003962
005375
004012
002392
003452
005302
007118
002840
000260
006813
002744
001385
006381
004820
002168
006963
001332
005960
003316
003032
005746
004576
003296
003966
000565
000532
003021
002774
006964
006336
007017
001252
005524
002424
002551
002387
000623
005609
003672
001343
005062
004270
007366
005529
004661
007039
003211
006047
005171
005130
000411
005390
002305
006604
006026
005555
003699
006030
003567
004911
003159
002011
006631
004298
005132
003728
003971
003764
005864
002802
000464
007056
003346
005879
002704
004083
003232
005702
007445
006437
005406
000669
004196
001273
003042
006682
002815
006575
001756
004307
002605
002805
000579
004725
006793
002733
001754
002623
005531
002632
002377
000926
006085
005869
000086
006068
004198
003852
003266
006311
001166
001992
005326
003857
003754
002239
004874
001820
005077
005636
004731
005567
005030
003973
005688
005387
005042
005597
003520
006300
006355
000868
003696
005386
000540
000477
003269
006199
006390
000448
002712
005039
005212
000912
001013
005447
000981
005459
005047
000013
004136
004559
003810
004707
005616
004598
002438
007132
000708
001765
005468
001147
005228
001825
001570
006320
002620
006487
003762
001384
004039
002248
000704
005177
000706
007086
006018
002372
001416
005137
002989
007065
002009
000964
002770
005833
000527
000313
001905
006635
003515
002509
006134
002522
001745
005741
006533
004169
004580
001210
006926
002793
004917
006042
005041
006918
007296
001005
001105
006915
002258
000842
001686
007010
007381
000692
005574
003445
007395
005023
006724
003397
004810
004876
001958
000643
003056
006491
002959
006565
004063
005148
000185
005707
002613
002454
001991
006652
007301
002564
000818
004632
001216
001737
002891
001753
005094
002344
004956
002565
005694
000467
005579
000390
007285
003264
006360
002474
002388
001696
000982
004470
001851
001052
000737
001675
006662
005168
006720
003604
001403
007158
007372
002640
002525
000294
002850
001481
004442
002666
005631
002152
001684
000142
000083
003703
006594
002785
006547
000702
007011
003334
007265
002716
005111
004204
005848
000157
005370
006680
000253
003599
001452
005691
000061
004969
001770
004751
001069
006854
001130
003284
002058
000324
004158
001791
005240
001908
004648
001167
002822
004811
001896
006783
001276
005961
003789
003147
004748
002647
002679
002294
000640
005556
002624
005750
006560
000447
000677
002430
003162
007141
001712
004232
006687
001562
001051
006608
000966
004051
005710
002597
000200
005438
001366
006511
000359
006440
006495
003282
004983
001948
007252
003811
000370
000815
003348
001275
002207
001895
006044
000117
005003
006303
003009
002931
000333
003915
004928
006541
004217
005096
005705
005914
000913
005770
004657
003504
002091
003767
002390
002962
001762
007315
002615
002771
001632
001983
000710
005267
006535
004603
001473
006953
004372
006038
004492
001818
005980
006599
002972
006730
002178
001792
000988
000322
004101
002467
000049
000386
000656
001170
006219
002936
001023
001795
005789
006585
000611
000693
000186
007161
005238
002546
005019
004463
002609
006577
006566
002967
002432
002507
007020
001849
002416
006263
002981
001239
006790
006407
002177
006167
001254
006462
003805
006254
006685
000145
002046
005250
001257
006248
006742
002170
004783
004948
005210
006648
007201
004237
001853
001599
005199
000133
000241
004327
006592
003972
000876
004527
006082
000674
004457
002335
000134
005296
006293
001846
001564
006212
002002
003125
000544
002879
001785
001124
002835
007370
002156
004440
000392
002748
001427
003526
004698
003570
001142
000067
001865
006144
005653
005777
007192
003890
007152
004162
000825
001305
003485
000169
006253
003989
005928
002346
001885
006153
001621
000810
006618
007283
007282
004728
001362
000183
002383
001133
006555
002431
000627
004786
001678
004124
003748
005629
000202
000698
003542
003149
004352
001199
007397
000158
006520
006353
004927
006116
001320
004797
003314
005367
004779
004062
006773
000455
002348
005211
001766
002439
006305
004658
007423
001079
003473
004154
007188
006096
001158
000794
004667
001036
003951
004612
004844
001246
005517
004700
002255
003677
003879
001558
000135
006031
002167
005947
005301
002417
004535
001581
001406
007077
006767
001048
004180
002062
003949
005421
003444
002863
002683
003324
004782
003287
003860
005005
006545
001107
000755
007111
004254
003369
005649
002254
007171
005104
007394
005533
000805
006995
004813
002477
003816
003700
000218
007455
000479
005730
004131
001556
001002
004216
003500
005543
004218
000993
004912
007156
001154
000166
003556
000551
002270
004862
000800
006479
006930
006769
004556
005021
003514
002113
006938
000511
004047
004370
003835
004436
003673
006781
002072
004419
006393
004153
002084
002042
000793
005965
006550
006035
006347
007215
000483
003340
000044
004435
006962
003103
006735
006477
007407
005624
005455
003442
000357
001854
004150
004386
001369
003704
005113
005785
002361
004857
000019
003110
002695
004449
004096
004148
004412
000045
006668
002905
005580
004228
002591
000309
005213
001606
000403
003543
006691
003826
001829
005300
006502
007466
003082
003165
001636
000937
003249
002296
007022
002985
005093
000245
006586
006784
001201
002592
006717
007456
004829
001363
003921
005853
000754
001886
006543
005027
005661
001127
000533
000746
007313
000156
007025
000769
005327
003813
006622
000585
001191
004497
005793
001080
004050
001590
001707
005516
005008
000844
005366
005490
000510
005253
005974
005284
007225
001020
000873
001458
002996
002413
003156
000347
006483
004316
001947
002001
002127
003144
002709
004847
005191
004411
007053
006671
004975
003464
000122
004895
004939
000121
004900
001460
002216
001086
002025
006624
004720
005757
002420
006795
007085
006292
003133
000456
004964
002984
002508
004055
004617
005369
003078
000323
001160
005152
000189
000412
002215
002561
001838
005054
002503
005830
000048
005839
006442
000165
004429
001491
006894
005332
001386
007458
003431
007179
007336
003172
005256
004471
005454
004515
003626
000127
006595
000872
003834
003460
007343
005998
003109
002396
004579
004904
005976
006601
006600
003206
003800
003765
007263
003531
006177
003465
000568
006403
003134
002639
002941
001580
007180
002404
001489
000531
007413
006716
007112
001102
005545
004342
006974
002240
001354
003961
000855
006512
003935
004127
003540
000062
005064
004592
007454
003986
006441
002310
000953
005356
002660
002139
002446
001441
005935
004769
003995
007129
006357
000110
004187
003537
000162
005350
003976
006982
001256
007424
006234
001350
002075
001709
000518
001898
004833
005674
004773
000795
003638
001459
003170
003093
006976
000732
000020
002816
007410
007373
003588
002873
005582
006333
001681
000302
003343
006972
003501
006304
005316
006416
002853
003288
007474
005523
006678
003268
005681
004852
002443
000177
000496
000187
001524
005328
007138
000346
005143
005363
005172
001338
003377
006576
002019
002053
002722
000813
003239
000604
000610
002201
003929
004021
004775
002211
006863
003955
006939
001944
000184
003957
003988
002900
002916
004121
000603
000592
002343
000105
005837
002448
000675
006503
006438
002573
005330
002831
000490
002906
004003
007078
003535
006022
007205
002022
000766
001761
003769
000983
007417
002486
003297
006127
001967
001465
002756
005693
003936
000047
006578
003736
007316
005244
001555
005009
002580
002848
000537
000167
005236
004176
001904
006568
005752
004081
006406
004884
003886
003182
000637
001533
004422
003313
003710
001345
000240
006674
000538
006007
006802
003437
000251
003332
002782
004046
006405
001287
000969
006433
005756
003615
006233
006184
004578
006218
000557
004009
004151
000270
000315
006544
006095
005071
002970
006043
005109
004743
003842
001945
001530
000829
001340
003491
002625
001605
004292
001743
001666
001241
001370
003024
006782
004093
001591
005534
005153
000036
007218
007125
000057
001078
004812
001178
007246
005241
005701
003671
007434
000472
005323
002680
007268
007389
000757
001019
005734
003719
004302
006663
000221
005902
007304
007047
005790
000593
007040
006278
006875
001311
004035
006428
003897
007346
000668
006298
003469
006492
007223
007236
005355
007106
005657
005466
003721
006743
000654
001411
003523
006331
001284
006171
005079
000694
000875
003453
007328
007232
001463
003458
005963
007009
004563
004609
000566
007090
001197
006690
000280
006729
002866
006827
003482
004754
004530
002320
005299
005392
004597
007250
006444
003584
001488
006349
004345
002963
004826
003175
007044
000802
006048
001975
003135
004054
004120
003541
001100
000884
002607
000812
001138
001294
006055
006158
002429
003969
004711
003944
000391
001912
004679
004335
004980
001168
004137
002036
002590
006497
003701
000305
000493
002694
005091
003327
002893
003497
001727
003878
001468
001799
000017
002799
007363
005014
003509
000908
001629
005298
002276
005891
000665
001576
005358
006756
002634
005262
005510
001383
002204
000030
004037
000278
006571
004929
002622
005876
005755
001224
005548
000366
002765
000589
002950
000867
002761
003853
007281
000516
002655
005762
005175
006367
001233
005708
004549
003112
002257
006925
005268
006106
001669
000883
005783
006510
005031
001935
000497
000113
005411
005931
006208
005107
005483
004949
002927
001902
001259
005598
002336
003536
001445
002677
007295
005817
006206
007255
000476
006455
000633
003451
004005
003649
003539
005467
001455
006489
006993
006468
001768
005280
000814
001937
001536
004038
005066
003047
006761
005497
006008
002789
003477
002721
004275
002182
006584
000639
005160
007222
005255
000523
003169
002136
006005
007403
004913
002164
007400
000614
003007
007258
005016
001615
007354
004922
005278
003004
000446
001361
004355
002219
000821
003846
007386
003622
003954
000828
002682
005767
003722
005145
000172
001550
000838
001644
004737
006770
002135
007060
000368
002402
006271
006638
000000
000781
002242
006816
005306
001668
003546
006908
000514
002956
006448
007067
006162
000385
001718
006400
006350
005259
007279
000120
007348
005225
005033
004971
002638
006282
002227
003984
005831
003562
004758
004645
004636
004465
000699
001772
004678
003958
004688
005945
005174
005329
005921
001664
003910
001119
005286
000339
003240
001016
002458
003917
002571
002269
001578
005810
005312
006069
005687
000152
006299
004908
006344
005092
004499
000625
000343
000830
005458
006039
000433
005207
002792
004909
006225
000744
006107
004557
003131
002520
006702
001717
002140
004907
003237
003518
002322
004604
001272
004970
006530
001035
005371
006967
006617
001703
001805
000542
004407
007081
006028
003618
003073
001253
004686
006731
004007
001008
007401
000367
001594
002232
005399
002861
000474
000778
000233
006644
000581
003418
000726
001922
004823
006088
000776
006083
003396
001687
004343
007331
002889
001860
002696
001585
006844
001984
004203
005442
001297
001735
004744
006931
007092
002700
005432
000915
003017
002559
001414
006917
003694
001677
004926
000525
000615
006421
003697
003566
002067
006659
003208
006466
002103
002499
006946
005010
006404
004888
001476
006401
004399
006062
003205
000111
003832
007323
000042
007378
006170
005220
005606
002902
000607
005923
001604
006029
005689
002367
005154
000644
006768
006370
000381
001652
002790
000761
001056
004368
000751
005161
007291
006822
005020
002174
005475
004264
003612
003167
001567
004185
001250
003315
001932
002034
007028
002148
002158
000712
007294
000453
004122
003097
004384
003483
001240
007479
002093
006246
003651
001038
006883
003619
005927
001549
003064
002772
001085
000379
005628
004381
006450
005275
003605
000609
005717
005668
005700
007119
003049
000396
000998
001496
000468
005437
004011
001871
003723
004622
003749
001392
007473
001832
003027
003310
001755
002087
007357
005720
002753
005218
002338
002633
000279
004446
005166
006053
000977
003204
006077
003435
003421
000612
006830
001232
001082
002536
003011
005134
000348
005095
000125
001429
003670
003441
001341
002082
000903
003574
002233
002311
004947
001230
004284
005859
003376
004365
000285
003815
003729
003666
007398
000224
006826
002345
003668
003236
002340
005844
005089
002066
003196
001646
004211
005916
007029
003075
006363
006061
002542
004595
005713
005509
005615
006465
006553
007461
000753
006340
003166
001777
005881
000799
000522
003393
004831
003096
002117
003784
000956
002653
002078
006610
006120
003479
004371
004251
006213
005149
001477
004521
004653
007167
000164
000215
000562
002422
003150
007030
005383
003623
006619
003578
005361
000786
003246
001758
003354
000151
000060
004474
004957
007264
001995
001806
001067
006011
002052
002045
002191
002943
003035
002244
004791
000895
002933
001951
002517
002014
000345
003926
000546
005673
005499
004243
001318
000717
004789
005577
005195
007248
006097
003527
006923
003252
002142
002779
000431
002266
006778
006605
002118
004295
002064
002817
003248
002076
005026
000606
002856
001840
006666
000629
000450
004309
002960
003091
001965
001097
006633
005829
007108
001617
006098
004865
004215
000231
001796
000770
004853
006992
003043
004567
002974
002837
004064
002796
006997
007203
002193
004729
005072
003895
001479
002888
001516
004778
001716
004627
000250
006949
007396
005043
003913
000779
005181
002612
006881
005124
004587
001835
001595
002706
002913
004512
005645
002187
005076
005843
007324
000100
001381
007162
003840
006537
004666
004633
006748
003803
005729
000035
000863
003357
000276
003447
002495
001874
000765
000006
003257
005439
001563
002329
004726
004759
002004
004915
005590
000739
007052
002221
005260
002119
003294
006649
006998
005325
000097
005204
001921
006365
001784
006627
006137
004090
001915
003008
005237
007234
000393
006817
004824
000745
006411
006379
003476
002295
004799
005643
002074
004361
005638
003667
005627
003443
002013
007160
004954
002589
007345
006197
006839
005922
001864
002535
002659
004020
002887
004097
002754
004393
006787
005967
000826
000207
006759
001852
000076
005339
005676
002143
001090
005374
005320
004849
005141
000839
005999
002842
006973
006741
006524
002602
003747
003720
005025
004634
006515
007175
003912
006563
001976
002760
006210
005537
004946
003591
003419
002371
006751
002784
000635
003139
001843
006757
002057
006389
002226
007015
002162
005568
006373
003077
003706
000572
004716
005349
005271
001700
001258
001195
007016
005919
002801
003415
005907
001001
005984
002968
005460
003863
001095
006464
000487
003602
002017
000089
002821
003321
000470
002323
001618
007089
006152
000232
005938
004819
000409
003141
000528
006977
004183
004958
003959
007387
005086
006525
003222
001164
005666
002763
002585
006021
005506
004623
006779
001919
001457
004397
001437
006135
005151
006182
003051
006154
003987
004332
001132
004834
004360
003635
003046
000927
003656
002762
007391
006374
003187
002395
005929
000265
002892
005013
001986
006726
004110
001572
001322
004641
006640
002920
001528
001658
004901
000471
002350
002780
006831
001301
001324
002273
004821
004428
004486
007131
006712
000849
001173
003202
006614
006810
003022
005725
005472
000281
001624
006749
002518
003730
003998
000174
002435
003038
006313
007124
005321
002672
005835
000267
002197
007157
000361
000099
003493
000932
000328
006202
003911
000938
002644
000225
005872
001845
003312
001443
003404
004420
000578
007409
004155
000266
004721
004537
000155
003080
005718
001827
007266
002146
005738
006045
004647
002349
005695
000358
001876
004513
006309
003956
004382
004502
006361
001410
007154
004839
003859
002949
001125
000427
006797
001118
001146
004730
006250
006161
004159
003716
003856
006591
000377
005221
005285
007230
003577
007182
000465
006986
006776
004329
006987
006651
002334
007408
000349
004918
004258
003192
007063
006587
003426
007070
006637
006143
001506
003657
000254
005821
001469
003117
002122
000555
001053
004128
007314
000887
004784
002304
001608
004042
005110
001950
007293
006714
003985
007390
003983
002619
001145
006999
003467
002824
005704
002545
007049
007071
004856
004398
000262
001264
002994
005724
000673
004414
004605
001857
007210
005675
003118
002238
004760
006217
005604
001588
003755
006409
001054
002130
005449
000559
003585
004984
003939
003980
004555
007189
001705
002050
001509
003272
003552
000631
002463
007341
005620
003018
004600
000646
003403
006971
002567
004209
000112
005080
003241
003641
001208
004235
003978
003942
005416
006764
002804
003311
006204
002650
002836
000255
005925
002769
003470
007054
003686
001375
004065
006732
001994
007094
002015
006105
001202
007109
005772
005290
001231
000093
006460
003925
002321
004872
005450
005722
002701
004714
005188
000594
005742
004708
001217
002128
005890
004019
000864
005647
003838
005158
000545
000073
002739
005813
001092
000979
000063
000865
001659
006037
000283
005193
005782
002089
002026
006991
004305
003060
001326
000143
006833
007470
006581
003906
006898
000897
007462
000473
002502
002521
004943
002176
003580
003293
003029
003119
003225
000905
000096
002560
004846
003366
001389
003603
001475
001597
003247
001622
004073
006276
001573
000620
000921
001813
002381
000329
004478
002150
005463
003254
002531
001544
002028
005970
004271
005535
006656
001140
005996
005592
001213
004608
006079
000118
002755
003927
002414
001402
003717
005202
004736
006205
004269
004650
001708
002923
003253
002236
001017
000576
005515
000671
006126
001419
002834
000460
004794
001106
000587
001470
000286
002303
006609
007338
000205
007302
000767
005585
000837
005118
006150
004683
002281
005765
000434
003760
004201
005362
005198
002579
005981
006869
003521
002173
004439
004240
000203
005266
005331
004960
006203
001797
005049
002975
001787
006285
003757
002777
002249
006628
006003
001778
004291
006456
006837
003122
000942
000123
005784
002109
004891
003071
001152
003161
005690
003439
006102
005451
002278
001382
006326
002264
006865
006876
002055
007327
001650
004273
000223
006287
003512
006386
004028
004966
004362
001026
004490
003582
004614
004024
004619
005488
000488
001480
002912
002992
002516
002275
002657
007457
007195
001575
001368
005795
005862
004212
001185
000012
003773
002626
001033
005977
000945
006699
006458
000395
002582
004239
000332
005748
001916
004350
002818
005522
005536
004663
004624
007101
004103
003299
000791
003708
001873
003655
002934
007383
003634
003705
007178
001031
007303
000414
002961
004749
002021
003963
004539
000508
006943
006845
001685
005001
000059
000041
001999
006835
003331
001773
000548
007477
004206
000591
001395
001517
000259
003401
006470
004427
005706
004102
005639
002886
000922
000417
007165
007159
001692
005197
007127
002540
004488
003189
005028
006809
001938
001400
006540
001641
001880
004144
001011
004234
000725
006265
005246
006811
003454
001044
006650
001412
005397
002195
004094
000230
006913
002810
002627
002370
002813
000317
001404
002676
000940
006744
003261
001767
003516
005354
000775
004781
002604
002073
002445
004415
004236
002587
001642
003059
001088
002476
002915
006034
003660
000289
002966
004444
003215
002274
000116
004256
004104
005200
001941
003892
006321
004511
003100
000494
002556
005125
002997
001978
003355
001673
002987
006836
006316
001196
005426
003858
005340
001353
001274
001511
007190
006891
006842
005539
002577
003322
000138
005222
001740
007051
001432
003595
003370
002165
005502
006747
002862
002844
007042
003903
005547
001907
005525
001450
007320
002766
000705
002497
007012
000687
003505
005644
001047
002537
002129
004988
002584
005157
002741
001660
001015
000750
006919
005845
006378
005150
005419
003450
001242
006572
002670
001546
001971
005422
004982
000197
000917
005737
001083
007254
007087
002685
005283
000907
002841
003360
006383
006063
002939
002686
006911
006478
001537
000642
004233
005006
002030
003793
002098
006457
001639
006994
005357
004293
002293
006268
004392
002471
006002
000106
004390
000783
003888
001279
000686
001328
005613
004631
002929
005632
001802
003507
005377
006377
004377
002181
007021
003188
007172
005968
001271
005097
000228
003999
004950
007257
006975
000856
006616
006329
001493
007193
005948
000792
006075
004085
002418
000383
002307
001282
000031
005587
002925
004534
003382
002982
002347
004532
007084
007247
002914
003734
003417
004601
003041
001638
004376
001584
000337
001321
002527
005183
001342
003378
003286
006819
005904
000721
000836
004246
005972
002575
005505
006590
000748
002116
002911
004689
006338
002229
006818
006739
004709
003259
001203
005696
002871
006354
004516
003427
000780
007349
007440
006721
003861
005566
001527
000287
006072
002415
001750
004761
006959
006873
001492
003399
001602
006870
007321
000515
004866
002724
001706
007245
002494
006073
006220
006944
006112
007329
005727
001062
006226
003210
004974
005759
003203
004764
002319
002742
000389
000325
001286
006990
000371
000190
005670
003030
002496
006897
006283
001653
001068
005660
001447
004996
002562
003392
004001
004753
004932
002498
001122
003160
001844
004675
001084
001091
007164
002368
005139
000952
004230
000146
004961
003590
001439
002328
003653
006191
004078
006149
002434
007406
003044
007239
004022
003685
006556
005825
007027
000115
002749
003251
000369
000962
001215
003744
006345
000171
000413
005887
006019
002794
000806
002833
001444
005394
005205
004586
006807
001137
004373
004431
000992
004780
002882
002006
001177
005807
006431
000124
005599
005037
004485
004664
003143
000534
006507
002010
001014
000204
006957
001454
002727
005913
002355
001159
006952
006424
006753
005073
000082
001194
004638
001697
002339
003600
003992
000458
006070
002358
002108
000638
003568
000899
006151
005612
002428
005699
003323
006927
002664
002910
005850
007275
000618
003569
007471
000608
002691
002730
003663
004416
002214
007235
002775
003242
005388
002031
004347
005804
003828
004464
005420
003480
004976
005682
004804
004430
007080
005333
000219
003168
006408
000853
002909
003907
002194
002870
004253
005348
001612
006419
007298
006951
004630
004061
006317
006454
004987
000481
000892
004772
000893
006091
002690
004087
004052
002217
006655
006509
007034
000513
004238
003468
002513
006057
006124
000070
000663
001741
001789
006983
000400
003968
003866
003083
001314
004930
005478
007480
001043
003771
004139
004323
005680
004498
006242
002629
004188
005797
001304
004394
006397
005774
004166
004189
000388
007045
006147
004610
002352
002399
004680
004517
002904
002515
000845
006849
005860
005812
000798
002288
002583
001574
003559
003402
000666
001855
002807
000040
002791
005625
006694
000258
001438
004214
002608
000573
006050
000764
003381
001348
002480
002728
002451
005764
005117
000214
002971
004553
006159
003532
006121
001077
002946
004109
004033
002773
007310
003153
003814
002973
005065
006447
001776
003558
004727
003179
007308
007260
003070
000804
005232
004404
004670
004279
003943
004652
006832
001501
000657
005656
002500
004562
001911
006123
002325
007050
003178
007384
000085
006094
007083
001557
003462
001181
006418
004453
003758
005229
006646
002035
002928
004973
004500
002778
000550
001310
005640
001129
003772
001674
006812
003472
005040
003283
002955
007427
001730
003352
000605
002246
002538
006249
007342
006847
001633
000034
001351
005082
006765
001869
001344
001000
000870
002617
003964
005203
001349
003429
006956
002532
006642
004505
000282
000463
004674
002245
003625
004190
002954
005391
004462
003395
001096
005319
002746
001110
007048
000933
007362
005803
004890
000834
004395
006746
001956
005995
005443
007419
003905
002262
007426
001285
005993
003062
004119
003882
006824
003494
003778
005123
001393
003325
000918
006606
004334
007379
004978
005930
007411
000160
001433
005621
002511
003851
004314
007068
002726
001960
003416
003841
002523
003130
003092
000350
004432
001141
001309
004340
005011
002702
001731
006752
004919
006277
004777
003648
001925
002235
001405
006325
002054
004200
001293
007003
005511
004742
000410
000170
001828
007352
002251
007374
002171
005971
000378
006443
001337
001798
001143
006413
007437
003277
002283
000763
004822
002598
006501
005878
007135
006322
002465
005431
004795
006531
002324
003836
005484
001518
000480
006196
001243
002506
004207
000424
002291
002890
007037
003883
007104
005733
003885
005588
006004
003361
001695
004774
005395
005424
007358
002935
007305
004481
006920
001782
004886
001200
000628
000257
007276
005415
005562
000987
001356
005295
002100
005692
003362
005159
000405
002812
002272
005343
000621
000967
005768
004962
006955
006954
006603
006852
001179
001248
006695
003974
006996
002977
006840
006275
003806
006620
004618
006446
006482
001688
003548
001701
003511
001736
004798
001954
002060
005820
003173
002102
002735
003463
002599
001508
002720
005090
004550
005735
004304
006084
003351
002318
003687
003400
000235
006131
001939
003608
002661
004625
004694
003887
001554
005252
000314
001998
002277
006318
000752
002145
005425
004266
002450
006532
003616
003683
000759
007226
003664
005780
005740
006289
007241
005382
002366
000787
002198
005186
000691
006799
002875
002820
004979
005892
000588
003633
006430
001302
003193
004546
001809
003844
003933
005119
000457
005959
005234
007319
003690
004194
001817
005818
003812
000173
007122
002646
002039
001593
002083
005800
004507
004406
002826
004223
005714
000957
006066
001270
006504
002621
000334
004577
004016
001070
006058
000971
000536
005024
000653
002172
002024
004941
006244
006172
004455
006888
002453
000301
004590
003390
001123
004977
007076
000823
006238
005427
006508
004879
005050
004175
006092
000740
002175
002110
004785
005046
005910
002470
004310
004705
007183
000553
002237
005163
002965
001923
001763
007074
007231
003345
006934
002419
001022
001883
006766
004690
006036
007004
005886
002898
001542
004389
004045
000176
003290
006728
006133
003256
005677
006273
004655
006940
004242
002369
004408
002596
002787
000857
001434
004508
003554
002088
004569
002081
006814
001571
002618
004858
001114
003761
005303
004402
002759
000126
000454
003219
003132
006988
001531
007221
000008
003391
001144
005896
000680
005288
005678
003358
000590
004249
000738
005190
001790
002441
001357
005053
007464
000484
000626
001861
002092
000354
006657
000360
007273
001723
002393
001021
002287
004385
003776
006850
006688
000344
007416
004461
003036
002636
000649
004437
002993
003902
005353
006376
003741
004536
000440
004391
001174
007259
001183
003238
006114
004677
007023
005169
001512
001628
006529
003871
000560
006950
000318
000943
001807
004084
003785
005865
005951
003783
000004
005528
004244
002557
003387
002188
000731
003034
005659
005429
005743
001738
000104
003899
006081
003484
002957
003796
004692
003579
003411
003864
001261
004710
001841
001866
004931
004850
002186
004459
003557
007277
001803
003016
006129
004724
000869
001532
001184
002715
003084
001868
005102
004280
000997
002897
002043
005667
003195
005100
001442
005430
005956
003756
000728
007421
003997
003217
001483
003267
005337
000914
000330
005801
006115
004681
000711
007330
001148
003353
003960
003099
007256
006472
006805
001003
006516
006369
004621
002442
003102
001634
002452
007438
000229
002326
005868
003005
000422
007103
004501
003640
003229
004213
005573
003001
007269
006231
000984
001126
003104
005133
003689
005063
007307
003002
002482
004489
006193
002362
005015
005351
004353
001089
001963
005749
006703
000147
004023
002786
006243
002144
007414
006945
005601
000178
000308
007251
004487
002533
001529
004294
006165
000954
003592
004936
003495
005888
000835
006189
003870
001367
002444
004400
006176
007233
005794
003074
006410
000848
005087
002382
000846
005569
003326
004030
004554
007311
004220
003158
001610
004602
006427
006505
006101
005372
000968
006103
002121
003779
003067
004460
000659
002403
005988
000768
005635
005496
001760
002539
007097
000530
006067
007121
000630
000645
006232
003934
006562
003675
000297
003845
004472
006372
000306
002675
001150
003502
006473
003058
000762
001968
003151
004790
003285
005413
001823
005771
002161
001451
004906
000028
001466
000303
002558
001826
001662
001012
001227
006673
004593
003534
005512
003054
000444
006877
006041
003908
004684
002610
003589
000195
002797
003003
003245
000718
003804
000801
002958
004739
004796
003533
000808
005671
002302
001934
003368
005184
000809
002740
003740
003488
001497
003079
001836
003833
002016
003356
000961
000554
005452
007364
006286
006588
005423
004268
000504
006882
004311
005441
007114
006625
003923
001222
001996
006118
005652
002534
002038
001006
006542
000299
003572
001910
004921
003063
000415
006156
002574
002096
003191
001997
003787
004080
004747
002699
002225
005368
003270
002529
002280
006701
006054
003786
004424
003862
001255
004770
004925
002153
004105
000871
004331
006672
006310
001198
006696
003108
006160
004107
003148
002919
000153
007032
002386
004181
003379
004222
004837
000978
006713
005520
005412
002234
001495
002549
003900
007145
002049
004544
000727
002884
004015
006892
002196
001278
005272
001586
002037
001977
005068
004659
006734
006335
006912
001049
006341
002869
001894
003300
002750
003780
000003
004493
003920
003867
007198
005147
002693
007014
004320
003289
007439
005485
006574
003560
000054
003782
007267
005622
005270
002183
001920
004114
000193
005128
007073
001063
003678
003050
001515
004669
002363
005899
001957
005672
005593
006629
005563
004985
004496
006985
001667
000401
003094
006163
006859
006905
004676
003367
001771
000563
004848
000092
007170
006033
005106
002353
006871
002603
006190
003817
005554
003235
002479
001694
000088
002394
004299
003661
007332
005798
001423
002611
003230
001655
004417
001749
002029
003317
005346
002845
001631
001430
006017
001569
001037
003643
001260
001887
006104
005142
005538
006598
000441
004157
005997
000502
002654
005029
002268
001380
005918
003874
001087
000051
002995
005471
002798
006327
003681
000426
003606
002023
006186
001223
006294
004451
006480
006853
003768
000418
002642
002491
006705
007447
004321
006679
003938
005975
005261
006284
000507
002907
004140
002094
000373
001426
006933
005114
006269
002764
000885
001980
000874
004607
004466
007139
006371
006356
005433
002447
000072
004426
003281
002885
002111
000102
001292
004247
005264
004815
005083
001520
000714
006141
002698
005557
004133
005939
005711
005192
006426
004219
004540
004403
001793
007186
005436
007249
003040
003398
000272
000461
003549
001830
002738
002299
002154
004993
002652
004423
004972
007243
005871
004528
002079
003551
001728
006000
001882
007228
006856
004745
001769
002924
000056
002263
002991
005187
005982
002132
001993
005456
004177
002736
005514
000025
003301
004433
001582
007035
003709
004805
006978
003183
004040
006567
004313
007335
006686
004945
005870
004616
007197
005553
006429
006903
005558
001121
007312
002874
006843
001936
001949
007185
004060
003522
003057
006896
003337
005873
006597
005482
004358
006228
006858
004303
003996
004339
002412
001336
004441
006715
005233
002163
004118
005501
001643
003498
002570
005508
007214
000582
001814
003573
005085
004076
006449
006634
004401
003127
002389
001987
004584
006274
005173
003636
001561
001449
006916
006921
001900
002306
004687
000032
007038
002942
002047
006241
004863
005417
000428
006902
004509
001478
001486
000742
005550
005044
004477
003184
002692
000421
004807
006808
000662
001598
003837
003854
005493
000064
001098
002259
003263
003593
003610
004274
000924
006025
004018
007429
005098
003386
002921
001149
006445
000182
002090
007208
003116
000342
005791
000449
002218
004184
001334
004165
001862
005626
000408
001775
004325
007169
004756
007200
005885
001747
006090
003023
001630
006554
003292
004840
002867
004418
006215
007146
000119
003931
005334
001379
006689
002379
004999
002768
002528
001205
006436
003901
001713
005081
002337
000584
004156
005719
004066
005245
006706
002065
001075
000896
006774
001050
001699
005799
000201
003945
005445
000935
007088
002147
005857
004552
007361
004869
002411
002669
003456
001683
002725
000416
007353
003430
002578
006422
004341
006366
000596
002449
004626
003308
001188
003068
003506
000310
001808
001238
002519
007238
001565
006762
005112
007143
002457
001139
007360
003145
005893
003329
002080
002327
002484
007000
005162
002713
006016
000632
003185
006623
000723
007459
004079
000715
001296
004668
003594
006093
004171
002115
006328
004288
005985
001206
004480
003850
006539
006387
006989
003617
005074
007322
003896
006929
002252
000222
004354
000435
003146
002203
004086
006647
000928
004199
006467
000862
001171
006922
006798
005600
006312
005894
004074
001539
004056
007469
001858
000889
004522
005389
003820
004704
006364
005243
006296
000840
002385
001603
001526
002811
004346
003318
001522
004924
001657
000462
003120
000949
003069
006658
004646
004091
004713
005950
004818
005078
003478
001804
004053
004937
003372
004048
007113
004755
002979
005840
001329
005655
001831
006060
003724
000217
001071
006391
005909
001186
005282
006681
000478
001407
000817
004445
006166
005895
000234
001076
005551
005614
006222
004117
000556
001619
006904
004816
004952
005942
002809
005811
001290
006375
003807
003405
000841
007299
002628
007468
000747
001462
005273
004161
004174
007137
004717
001729
005944
000292
003707
002616
002944
004570
006323
005135
002406
007380
000575
003891
003586
006384
006942
000564
006434
002059
001859
005978
003014
006909
002267
002731
000707
004827
007005
001842
002184
001583
007237
003561
002988
002544
001725
004838
001748
005059
005683
005492
003010
001966
002331
002099
000094
002806
006415
006342
002365
004319
001504
007043
004864
007209
002040
005242
004572
003088
007006
003877
001649
005428
007271
004571
000495
000375
004671
006589
002212
004757
003937
005651
003823
005815
003869
005937
002007
007344
005217
004526
002800
000038
001162
003669
003924
005489
006216
000963
002673
001811
004070
005144
000985
000469
002819
006240
003865
007126
003365
000539
004699
003423
004723
004596
000084
001918
006423
002189
002838
000227
007130
005480
003798
000078
000196
001461
003916
006611
005396
006046
001364
003113
002758
002877
005828
002980
001319
004792
001715
006481
000505
004469
000636
004787
005883
004263
003302
001953
007095
000150
006969
000919
004615
004606
001061
001579
001892
004306
002314
004551
000466
002106
005619
003436
002641
002658
004193
001693
002469
004004
000501
005544
000782
001009
003928
005214
002124
005317
006506
003347
002061
004182
002199
006412
001863
001045
002951
004363
001245
006846
002849
004482
004071
006513
003123
006719
007212
000485
003227
001109
004075
000891
000690
005398
003020
002253
004712
007385
001112
005530
001661
007402
005180
001498
000658
002384
003735
004898
000850
005549
004261
003825
006227
005099
005761
003824
007274
005943
007388
000199
006187
001374
003033
005155
000363
003880
001955
007284
007446
001897
003545
005178
007140
000168
003198
000521
004164
001534
002063
004328
000641
000898
003339
000803
002903
003061
006139
002878
005607
007166
006013
003893
001236
003101
002308
000541
002757
005941
001720
003420
005215
007219
000570
006733
005808
000878
006907
007340
004250
003538
003503
002317
003855
002247
005575
006297
006924
005858
004883
003228
003499
005875
002360
001265
006382
005304
006675
002180
007069
005776
000398
001136
005979
005669
006670
003181
003680
004413
002541
000847
004049
003528
004178
003674
000296
000931
001626
004916
000159
004802
000960
002020
003359
004767
004468
006527
002105
000816
001566
006645
002572
001409
001888
006145
007431
006435
001317
004229
001024
007036
006183
006247
001155
005911
001417
000026
005408
005265
005908
006866
006718
007450
003621
000179
000331
005856
006463
002788
001057
005728
006914
005216
006700
005990
006791
007107
001058
002012
003799
005903
001779
000027
001029
000526
005518
000974
005855
004995
004197
001060
001190
002342
000407
003676
006820
007098
003214
004859
006394
006009
000236
005576
000300
007272
006168
001229
005035
005342
001298
003639
003662
005058
002631
004851
000703
001312
005540
002814
001418
004226
005591
003587
006895
005852
001559
004152
005418
004095
000326
002473
005341
006260
004301
002101
006683
002068
001514
004542
000226
003262
004221
000148
000149
004740
002674
003598
005277
000486
005324
003646
002703
003186
005376
003114
001821
003644
001237
003948
000948
001277
006936
000652
007262
004923
000419
000312
000785
001306
005182
003231
005385
000181
003797
004942
006763
006803
003733
004573
006074
007229
004594
003637
003438
004057
006351
003224
000774
003487
007096
001732
001733
000080
005851
004902
005164
000399
006684
003544
003614
005703
004575
000137
001228
000132
005403
005235
003530
004644
002489
006910
004252
006941
006230
000319
004651
005949
007412
005401
000023
000095
006142
002041
000670
003822
002594
006981
006887
006573
003385
001889
006579
006064
004649
006607
000269
001930
000684
006174
007136
002548
002456
003413
001163
005697
006613
006337
003581
000900
003121
001027
002908
000613
001891
000790
007244
001847
002483
004281
003199
005322
001397
003819
005281
001812
000955
002781
000210
004801
006947
005105
000273
001726
005778
001234
002880
001545
000512
003881
005384
005532
000001
004940
003207
001440
004113
006490
004654
007449
006806
006236
005605
005116
003967
006965
003711
001115
005648
002071
002409
000007
005503
001247
003233
003553
000709
005822
001929
003107
000277
000996
004867
003875
001169
002688
004315
005731
003726
001878
000719
001734
006636
002397
007240
000475
002185
007061
000622
004875
005955
001722
004763
006872
001680
004893
001698
006758
004160
003868
005479
007217
003065
006169
002141
003388
001839
001372
004143
002433
005684
000261
005973
006178
000239
002243
003658
001990
003564
006388
007091
004703
005958
005854
005126
005115
006935
005642
000789
000018
001295
006402
007191
006125
006980
000213
001494
001952
003620
006880
006777
006239
004326
006264
005917
000743
001924
000005
004752
000811
006352
006538
000619
000140
004887
003066
006180
005000
005504
006179
003919
001352
001788
007441
006056
000598
002157
003597
000129
006452
001289
000599
005075
000852
007442
002149
004589
001744
006071
002864
004044
002737
006979
000404
000616
002926
005036
006307
005744
004702
004582
005249
004963
002261
002490
006864
000503
003177
005745
002543
001535
003492
005940
004476
004830
006080
003305
002783
002998
001917
002930
004014
007204
000420
006439
003349
007093
006148
007153
002651
006385
001371
003028
001714
006893
005546
006291
004878
003801
004722
002095
002222
003140
000352
005610
000071
001422
005307
000861
000499
006194
005637
001428
000264
006255
000524
001940
000242
002436
005491
004558
005685
004765
000831
003795
004991
006851
000519
004438
005766
004825
004205
007350
004881
004531
000074
000797
001625
001041
007425
003975
005254
005045
004629
003373
004491
004746
001543
007375
007356
004662
002333
000043
004766
001856
001676
004333
001101
003037
002576
004525
006109
006960
007207
001128
006868
004968
001436
001877
002315
005686
006855
003163
005665
005405
004098
004899
001654
003341
005962
007031
005140
006049
000796
000909
003394
005122
001244
001388
004287
006823
006315
001482
003243
007046
000065
002459
000443
004410
002356
006301
001055
004871
003333
003849
006396
001931
006306
000295
003647
006117
004026
006557
001690
003446
004691
003200
005571
003280
002260
002159
004173
003839
001280
001413
002138
001263
004860
004620
006432
001525
006558
002872
000341
000022
006780
003255
004142
004868
000437
000220
007075
003843
003223
